#Source: CRDB
#Ref: 10.1103/p9zs-g8ky (2026PhRvL.137e1001A)
#Experiment: DAMPE
#Y Quantity: Ni_Fe
#X Quantity: kineticEnergyPerNucleon
#Url: https://lpsc.in2p3.fr/crdb
#Comments: 
#Columns: x, y, y statistical errors, y systematic errors
1.259e+01 5.590e-02 5.000e-04 5.000e-04 2.500e-03 2.500e-03 
1.995e+01 5.650e-02 6.000e-04 6.000e-04 2.900e-03 2.900e-03 
3.162e+01 5.650e-02 8.000e-04 8.000e-04 3.400e-03 3.400e-03 
5.012e+01 5.760e-02 1.100e-03 1.100e-03 3.400e-03 3.400e-03 
7.944e+01 5.850e-02 1.700e-03 1.700e-03 2.500e-03 2.500e-03 
1.284e+02 5.840e-02 2.300e-03 2.300e-03 2.600e-03 2.600e-03 
2.115e+02 5.660e-02 3.400e-03 3.400e-03 3.100e-03 3.100e-03 
3.484e+02 6.110e-02 5.700e-03 5.700e-03 6.000e-03 6.000e-03 
5.740e+02 5.840e-02 8.200e-03 8.200e-03 7.100e-03 7.100e-03 
9.457e+02 5.600e-02 1.090e-02 1.090e-02 7.600e-03 7.600e-03 
1.558e+03 7.170e-02 1.710e-02 1.710e-02 1.160e-02 1.160e-02 
