#Source: CRDB
#Ref: 10.1103/p9zs-g8ky (2026PhRvL.137e1001A)
#Experiment: DAMPE
#Y Quantity: Ni
#X Quantity: kineticEnergyPerNucleon
#Url: https://lpsc.in2p3.fr/crdb
#Comments: 
#Columns: x, y, y statistical errors, y systematic errors
1.251e+01 1.660e-04 1.000e-06 1.000e-06 1.500e-05 1.500e-05 
1.983e+01 5.580e-05 6.000e-07 6.000e-07 5.200e-06 5.200e-06 
3.143e+01 1.810e-05 3.000e-07 3.000e-07 1.700e-06 1.700e-06 
4.981e+01 5.750e-06 1.100e-07 1.100e-07 4.900e-07 4.900e-07 
7.895e+01 1.760e-06 5.000e-08 5.000e-08 1.500e-07 1.500e-07 
1.274e+02 5.070e-07 2.000e-08 2.000e-08 3.800e-08 3.800e-08 
2.100e+02 1.340e-07 8.000e-09 8.000e-09 1.200e-08 1.200e-08 
3.459e+02 3.840e-08 3.500e-09 3.500e-09 4.100e-09 4.100e-09 
5.699e+02 1.050e-08 1.400e-09 1.400e-09 1.100e-09 1.100e-09 
9.389e+02 2.800e-09 5.300e-10 5.300e-10 3.200e-10 3.200e-10 
1.547e+03 1.020e-09 2.300e-10 2.300e-10 1.400e-10 1.400e-10 
