#Source: CRDB
#Ref: 10.1103/PhysRevLett.134.191001 (2025PhRvL.134s1001A)
#Experiment: DAMPE
#Y Quantity: B
#X Quantity: kineticEnergyPerNucleon
#Url: https://lpsc.in2p3.fr/crdb
#Comments: 
#Columns: x, y, y statistical errors, y systematic errors
1.151e+01 5.250e-03 1.000e-05 1.000e-05 3.120e-04 3.120e-04 
1.535e+01 2.360e-03 1.000e-05 1.000e-05 1.420e-04 1.420e-04 
2.049e+01 1.040e-03 1.000e-05 1.000e-05 6.400e-05 6.400e-05 
2.730e+01 4.430e-04 2.000e-06 2.000e-06 2.690e-05 2.690e-05 
3.643e+01 1.860e-04 1.000e-06 1.000e-06 1.060e-05 1.060e-05 
4.858e+01 7.770e-05 5.000e-07 5.000e-07 4.600e-06 4.600e-06 
6.477e+01 3.250e-05 3.000e-07 3.000e-07 1.910e-06 1.910e-06 
8.639e+01 1.370e-05 1.000e-07 1.000e-07 8.500e-07 8.500e-07 
1.251e+02 4.490e-06 6.000e-08 6.000e-08 2.690e-07 2.690e-07 
1.983e+02 1.180e-06 2.000e-08 2.000e-08 7.100e-08 7.100e-08 
3.143e+02 3.290e-07 1.000e-08 1.000e-08 2.050e-08 2.050e-08 
4.981e+02 9.500e-08 4.100e-09 4.100e-09 7.080e-09 7.080e-09 
7.895e+02 2.600e-08 1.700e-09 1.700e-09 2.360e-09 2.360e-09 
1.251e+03 7.180e-09 7.100e-10 7.100e-10 6.940e-10 6.940e-10 
1.983e+03 2.310e-09 3.200e-10 3.200e-10 2.920e-10 2.920e-10 
3.143e+03 7.160e-10 1.350e-10 1.350e-10 1.493e-10 1.493e-10 
5.547e+03 1.670e-10 4.900e-11 4.900e-11 4.410e-11 4.410e-11 
