#Source: CRDB
#Ref: 10.1103/PhysRevD.109.L121101 (2024PhRvD.109l1101A)
#Experiment: DAMPE
#Y Quantity: light
#X Quantity: kineticEnergy
#Url: https://lpsc.in2p3.fr/crdb
#Comments: 
#Columns: x, y, y statistical errors, y systematic errors
5.597e+01 3.310e-01 7.300e-05 7.300e-05 5.430e-02 5.430e-02 
8.217e+01 1.170e-01 3.500e-05 3.500e-05 1.880e-02 1.880e-02 
1.207e+02 4.120e-02 1.600e-05 1.600e-05 5.920e-03 5.920e-03 
1.770e+02 1.450e-02 7.400e-05 7.400e-05 2.110e-03 2.110e-03 
2.595e+02 5.130e-03 3.500e-06 3.500e-06 7.310e-04 7.310e-04 
3.813e+02 1.810e-03 1.700e-06 1.700e-06 2.220e-04 2.220e-04 
5.597e+02 6.460e-04 7.900e-07 7.900e-07 8.020e-05 8.020e-05 
8.217e+02 2.340e-04 3.900e-07 3.900e-07 2.780e-05 2.780e-05 
1.207e+03 8.600e-05 1.900e-07 1.900e-07 1.087e-05 1.087e-05 
1.770e+03 3.170e-05 9.400e-08 9.400e-08 4.600e-06 4.600e-06 
2.595e+03 1.200e-05 4.600e-08 4.600e-08 1.800e-06 1.800e-06 
3.813e+03 4.630e-06 2.300e-08 2.300e-08 6.910e-07 6.910e-07 
5.597e+03 1.760e-06 1.200e-08 1.200e-08 2.520e-07 2.520e-07 
8.217e+03 6.650e-07 5.700e-09 5.700e-09 9.460e-08 9.460e-08 
1.207e+04 2.530e-07 2.800e-09 2.800e-09 3.220e-08 3.220e-08 
1.770e+04 9.600e-08 1.400e-09 1.400e-09 1.250e-08 1.250e-08 
2.595e+04 3.570e-08 6.700e-10 6.700e-10 4.660e-09 4.660e-09 
3.813e+04 1.250e-08 3.300e-10 3.300e-10 1.610e-09 1.610e-09 
5.597e+04 4.040e-09 1.500e-10 1.500e-10 5.710e-10 5.710e-10 
8.217e+04 1.350e-09 6.800e-11 6.800e-11 2.150e-10 2.150e-10 
1.207e+05 4.490e-10 3.300e-11 3.300e-11 8.060e-11 8.060e-11 
1.770e+05 1.590e-10 1.600e-11 1.600e-11 2.820e-11 2.820e-11 
2.595e+05 5.700e-11 7.300e-12 7.300e-12 1.031e-11 1.031e-11 
3.813e+05 2.070e-11 3.600e-12 3.600e-12 3.720e-12 3.720e-12 
