#Source: CRDB
#Ref: not available (2025icrc.confE.206B)
#Experiment: TUNKA-HiScore
#Y Quantity: allParticle
#X Quantity: totalEnergy
#Url: https://lpsc.in2p3.fr/crdb
#Comments: 
#Columns: x, y, y statistical errors, y systematic errors
4.399e+05 3.147e-11 1.167e-12 1.167e-12 0.000e+00 0.000e+00 
5.573e+05 1.638e-11 5.895e-13 5.895e-13 0.000e+00 0.000e+00 
7.015e+05 8.707e-12 3.040e-13 3.040e-13 0.000e+00 0.000e+00 
8.724e+05 4.793e-12 1.571e-13 1.571e-13 0.000e+00 0.000e+00 
1.112e+06 2.463e-12 8.336e-14 8.336e-14 0.000e+00 0.000e+00 
1.392e+06 1.325e-12 4.201e-14 4.201e-14 0.000e+00 0.000e+00 
1.752e+06 7.027e-13 2.378e-14 2.378e-14 0.000e+00 0.000e+00 
2.205e+06 3.729e-13 1.142e-14 1.142e-14 0.000e+00 0.000e+00 
2.777e+06 1.952e-13 6.398e-15 6.398e-15 0.000e+00 0.000e+00 
3.538e+06 9.866e-14 3.445e-15 3.445e-15 0.000e+00 0.000e+00 
4.427e+06 5.043e-14 1.645e-15 1.645e-15 0.000e+00 0.000e+00 
5.572e+06 2.469e-14 7.639e-16 7.639e-16 0.000e+00 0.000e+00 
6.971e+06 1.207e-14 3.180e-16 3.180e-16 0.000e+00 0.000e+00 
8.774e+06 5.813e-15 1.594e-16 1.594e-16 0.000e+00 0.000e+00 
1.084e+07 2.914e-15 7.988e-17 7.988e-17 0.000e+00 0.000e+00 
1.373e+07 1.405e-15 4.612e-17 4.612e-17 0.000e+00 0.000e+00 
1.729e+07 6.959e-16 1.982e-17 1.982e-17 0.000e+00 0.000e+00 
2.216e+07 3.220e-16 8.483e-18 8.483e-18 0.000e+00 0.000e+00 
2.789e+07 1.649e-16 5.758e-18 5.758e-18 0.000e+00 0.000e+00 
3.469e+07 9.081e-17 2.683e-18 2.683e-18 0.000e+00 0.000e+00 
4.501e+07 4.055e-17 1.068e-18 1.068e-18 0.000e+00 0.000e+00 
5.530e+07 2.169e-17 9.683e-19 9.683e-19 0.000e+00 0.000e+00 
7.088e+07 1.025e-17 5.469e-19 5.469e-19 0.000e+00 0.000e+00 
8.976e+07 5.150e-18 3.430e-19 3.430e-19 0.000e+00 0.000e+00 
1.123e+08 2.794e-18 2.330e-19 2.330e-19 0.000e+00 0.000e+00 
